319	8099	10578 13241 18050 13241 12984 19051 5402 13210 10443 8343 12984 13623 5839 19051 11031 20295 5219 18050 13241 14414 5402 4369 8658 7152 19811 5512 12290 10443 6215
9816	8099	18022 19428 7239 7547 10583 18050 14414 17852 8655 2809 8658 273 18022 7717 10443 19051 21597 6968 10583 20681 8343 12121 17730 12525 5839 18844 14491 17500 10443 19051 13355 10583 7239 1928 22037 10583 10278 20681 12000 14470 9853 8343 20681 6264 14958 21408 10583 7081 10575 19051 14286 2987 10443 21408 762 17958 16789 8655 7239 13226 13502 8662 8500 8658 5839 2033 8343 16407 4063 7239 5124 10583 4329 8655 4976 10583 19051 18227 5839 14470 9853 7239 1804 20612 8655 13520 17730 1833 22480 8500 14470 19051 11714 5839 10443 14414 9970 21965 43 8343 12722 8478 8658
10232	8099	7152 1833 18389 10575 9970 12499 8343 17754 3015 8480 16294 19439 18050 14602 8655 17730 1833 19508 9853 19051 4976 10583 10997 15713 10443 11725 21831 8343 12342 15284 9853 8658 9843 17754 14655 17206 10501 10575 9970 12499
3222	8099	17730 7462 8658 12984 19051 14615 725 18819 8343 16388 9853 18816 12984 7462 22494 8658 925 14470 5839 19051 8931 17294 8343 14606 8658 7152 18022 7717 5839 7239 13210 8343 8966 8658 8655 2179 10443 15733 1290 13696 8388 8658 5531 14133 18962 8793 8669 8478 8658 12000 5835 5337 22037 19939 13623 5839 19051 4668 7717 10596 6741 5337 22037 19939 18879 12000 14414
1449	8099	5660 20584 14950 7152 8658 18050 19939 7239 13241 7492 8655 1833 4063 8665 7239 4495 7239 4329 8083 10575 7494 2526 10575 12499 4063 12981 14950 16388 18962 14491 12000 2752 7841 671 18050 493 19939 9438 7239 14733 5839 7239 10523 1232 17380 3079
14999	8099	19654 1833 9 15733 1290 20489 1833 19051 21410 1185 4328 1290 19051 21410 1185 11859 16597 1833 14655 12290 10575 11915 8793 16566 4197 1833 6812 21410 1185 8655 5932 10575 17469 17730 1379 7239 11031 1764 18731
2238	4443	17730 14831 8343 5383 18050 1804 12000 3296 22089 10583 7239 11915 5985 8343 266 10575 9970 12499 10861 12000 8604 12057 10443 8658 20040 13467 19051 11915 5985 12920 17404 6261 15927 9853 18627 11182 10879 17450 19051 13355 10583 10523 21652 10575 18050 1804 8343 9864 8658 4197 3942 18389 19768
21974	4443	14778 9940 8343 3942 14778 9940 15457 18050 1804 4487 8343 3235 2032 20681 8658 8343 13081 6500 10443 16407 7239 14856 8658 19066 2032 12000 18284 1666 7239 11915 8793 1578 4785 19051 20655 10583 19051 18589 9853 18816 17050 8343 22489 8658 12984 408 9970 8793 12984 21638 8665 19939 19051 973 4739 4369 16623 11885 8608 20681 8658 4487 8343 21995 9970 11573 8793 10501 8658 6221 9460 12000 615 11915 8343 12905 762 10443 3359 8658 12984 10278 8931 408 8658 3860 1666 10596 18589 8343 3319 16294 6221 483 10596 8670 8658 273 6259 6878 5989 10596 11051 4587 8658 9818 9853 19831 1833 15521
11785	4443	16446 20040 16446 5839 9970 8793 20681 6261 15770 10443 10278 11667 10583 11821 9864 8658 18389 5839 14470 9853 8658 3860
15019	4443	18050 9818 8343 5383 18050 1804 15457 2071 17965 8343 15395 9970 6210 10583 395 17575 6261 13469 6261 8343 12984 2125 14951 671 7239 1804 8343 2032 8044 17153 6261 8343 12905 7239 3302 8665 19051 13827 21573 8343 12984 7152 11725 8343 2032 12000 6500 7835 4063 8793 21665 1290 8658 12984 5519 6261 10583 4566 9970 22043 21098 22037 11182 21591 14009 6261 7088 12520 13623
19222	4443	7152 16446 18050 19173 20040 16446 6264 16257 8343 7306 7841 8658 10575 10198 18965 5839 4739 10443 16446 7360 14950 18227 18962 17294
4771	4443	8658 9818 8343 10026 18050 12000 3296 22089 10583 19051 12057 10443 8658 20040 19939 18816 8670 18983 22037 13623 12000 15017 17206 8679 5985 18050 22441 3296 22089 10583 8658 8343 14950 22489 15457 2985 8658 16257 21196 18962 12499 9853 8658 9239 18389 5839 19051 5985
22257	4443	20040 18389 5839 14470 8343 18428 18050 687 17329 671 16767 6802 8658 19066 18389 5839 14470 9853 12761 8343 15395 7239 6210 8343 2397 20295 21078 19939 12000 3296 21476 17153 19857 9298 8343 6256 19831 18428 762 6210 11725 18816 9970 14329 9 3296 19538 13862
22073	4443	4202 10523 1804 20681 19051 14615 20655 10575 18962 5985 10443 7239 8609 20850 17730 10037 19582 7239 3235 11211 10583 8793 6600 7239 11423 20850 7239 5985 8655 2125 6246 3015 3296 13272 17153 9480 7239 14991 3679 1804
17614	4443	10338 17281 8343 3860 20681 8658 731 19051 4739 7239 13502 5343 8655 18816 17730 17281 4976 10583 6550 22441 13623 5839 1511 1804 18816 9843 17281 11725 7919
13144	8978	5870 9740 4415 13272 6261 10196 10443 9297 18816 18560 18050 1048 12761 7088 7841 8658 10575 3725 15457 5870 13900 18050 1232 8655 18022
15301	8978	7728 10523 18050 8655 7239 3235 761 6600 5758 18816 8343 5945 8343 14606 17730 1139 10443 8343 3015 20064 12000 6500 8658 8665 19051 10196 6494
8552	8978	18022 1185 18050 1804 273 19051 7728 7516 1185 16789 8655 18022 5839 7239 12255 8343 5945 8658 8343 22441 6584 20135 12000 18050 1804 18050 21579 12255
4840	10452	493 10583 9970 21833 18050 8655 19051 6349 7918 5165 2410 1185 1139 5839 20850 10596 1652 10443 5763 3296 17241 8343 2397 18050 7918 10443 18050 12984 7239 5755 13210 17263 10443 8658 11487 671 19051 18212 15659 18816 12984 19051 5165 3137 8542
21083	10452	17281 2410 18050 8655 7239 7636 11092 11821 18668 761 9970 20315 12984 1833 11772 16688 671 10596 3942 19051 7751 4939 17281 8343 5945 17050 2410 18050 7918 17281 8343 12342 8658 5288 6264 8250 8343 59 12000 12342 19051 1185 9853 7239 2118 14470 12000 12342 11821 18668 10443 1511 11092 1185 8343 17281 7239 11308 3235 10443 7080 11821 18668 8343 12984 13986 5030 10575 7239 11821 18668 8343 2291 8658 10575 16139 10443 7080 11487 5559 12000 15714 12000 3296 8658 6264 19051 3088 10583 7239 13210 7239 20315 8655 782 18561 6584 19846 18050 20291 12000 7239 18429 8662 4652 18561 18024 15658 10583 9337 22494 7239 1185 8655 1833 456 10443 7728 2410 8343 14950 3942 12000 18893 15457 8658 615 15659 8559 8665 6259 18429 4488 1637 15714
11964	10452	5945 7239 17281 9853 19051 8661 17730 1833 925 6261 8931 8343 5945 8658 10443 22441 12250 20681 8658 9853 17730 10001 5288 12761 21474 18022 13210 18192 8665 7239 16113 21235 17730 1747
22249	656	8797 21042 17281 8343 4063 18050 7918 8343 3235 18716 8658 4487 8658 12984 6259 13661 8665 19051 3073 8343 12984 8998 10443 8343 8779 8665 5945 671 8658 8343 19748 8658 10575 15714 10443 18560 8658 4401 15302 8343 17754 4063 18050 21042 19215 17281 9853 8343 3860 3296 14669 6261 11859 9757 9337 10575 8658 6261 8343 7152 671 9970 14286 7918 4976 10583 19051 21241 9853 8343 11182 4063 7239 761
17419	656	2807 18050 8655 19051 7728 5830 1185 17730 20990 10443 13426 10443 16705 10443 16760 6264 7239 9050 17294 7239 20990 7273 20315 8655 11725 2922 5839 7239 1185 17730 6306 19909 8658 9843 17281 4063 7027 9853 8658 8500 1290 18816 8144 671 19051 21730 10583 3096 2012 18050 8655 19051 14933 1185 12000 7704 493 18816 5002 6234 4895 18819 20445 17455 11885 1833 17281 6603 4063 18050 16676 7959
14426	1458	1833 18939 9740 8947 7906 20334 671 18050 9696 10443 15598 266 6705 6819 5839 8658 10443 8658 20040 1833 17281 12984 7530 12984 9264 10443 14786 10575 7239 4075 5285 4075 671 18816 7870 2410 138 9853 1833 8665 19051 10523 12980 762 8665 19051 15017 16257 7239 14720 9480 18962 4075 5531 8665 20681 7239 15598 9970 4075 11182 13623 822 10443 8343 7152 1833 3942 822 4075 14276 8655 20562 18054 10443 5559 8670 6603 8343 13058 8239 10575 3942 9970 4075 6584 15659 6403 10443 19451 17203 12000 5501 13754 13230 8478 18050 1804
1835	1458	3860 6500 17153 8343 5677 10443 15598 19051 4739 9853 3860 6500 231 14856 10278 3963 14539 18389 5839 18054 9853 8343 3942 15458 2677 10583 4075
8453	1458	17754 10523 1232 9970 4075 8655 20562 4063 19051 1106 10443 4895 18054 18050 15598 8500 8658 739 10443 13408 11885 5763 266 2854 8343 22441 6584 9850 3598 8343 12984 15457 12000 19748 1511 20315 10583 18050 5839 20482 7959 10443 18868 7239 13210 273 762 18819 21973 7830 8343 3235 19748 8658 19051 2071 10596 21408 17965 8343 22441 1833 6584 9850 762 10443 8662 11829 17730 10523 9853 1833 1379
10940	1458	2820 6827 3963 15598 1511 18022 1804 19939 5945 18050 2820 6827 3963 15598 8658 17754 13467 7239 4075 12000 13623 17776 10443 12000 8874
8435	1458	5945 18050 21078 5755 15598 19693 19768 18819 14991 9696 10443 15598 12766 21078 10631 5288 4785 8665 7239 18740 5945 7239 17281 12722 8478
11850	1458	19857 1804 20584 6924 18050 1804 7239 11923 8655 11725 12815 18816 8658 7152 1833 10088 5288 4487 18983 59 12000 20681 8658 6261 5839 19428 8658 8655 8291 8658 14380 18962 4075 8768 6261 8670 18983 3827 20734 18962 4075 5839 6156 8343 14950 6500 17206 10523 20681 8658 8343 20027 20681 17371 18816 8343 5383 6264 4793 8658 8655 4668 10443 14380 18962 4075 21042 10443 2874 6261 14009
14525	1458	16647 8343 3942 18054 20562 4075 10443 8343 6256 6385 22499 5839 7239 13316 12000 19051 6349 10252 10583 4075 18050 8655 1833 8658 8658 14539 6584 5295 10443 3942 18255 16639 9853 17730 7239 9900 9696 11885 19693 20681 3015 3296 8658 9480 20315 12000 1629 12000 10252 4750 2684 8658 3079 7239 9062 20238 19748 10581 14009 8609 17294
13484	1458	14133 9970 4075 8343 5383 18050 15179 5295 2820 9336 10173 3963 15598 10589 10443 7239 9696 10443 20681 8658 7910 7239 6521 10443 1833 13226 20040 1833 3963 9970 4075 9853 8658 16943 8658 7728 14133
11121	1458	2071 12761 10523 18917 11725 8343 3942 10151 20681 7239 15179 5295 19181 9696 10443 15598 5839 19051 11031 2071 1835 8343 3942 14280 19051 7906 10523 17153 9970 4075 273 19831 20534 19051 20655 12815 10443 7751 8343 18868 18255 4075 9172 5288 8343 3942 18262 18050 3387 671 874 15377 2820 1723 11725 8343 7152 1833 22489 8670 17730 7123 22494 10583 7239 3387 10596 19051 2862 13243 7239 19181 9853 18917 8655 4785 9970 13226 493 14922 8655 18816 7239 15598 9843 8500 18983 18816 21042 15598 16407 11308 15598 8500 18983 17730 19051 14615 18173 6261 18465 12000 21042 8665 5523 8670 18983 3942 18054 4075 8343 8478 19181 1804 6261 14009 12000 1723 671 19051 20008 2820 6836
13673	1458	8500 7239 20996 10583 12815 4075 8343 3942 7360 6259 18923 21652 10575 18050 1804 9970 4374 8343 12984 19051 17298 12000 7239 2346 628 10443 8343 5753 12000 1146 7239 19520 10583 12342 10443 12993 1709 21652 4658 8343 3296 8658 8658 10051 20295 1804 10443 19051 7728 10198 2862 10583 1804 12000 2596 7239 7547 18816 8343 12984 13623 18050 2071 16334 16544 7518 5323 8931 3322 12000 8026 19051 21664 3559 13058 6672 8658 8874 5839 2071 7080 3728 237 2820 6827 15598 8655 19051 20008 2585 12000 7239 2820 9696 7239 9696 8655 9264 9853 11784 8658 4185 9970 4075 138 4063 19051 4851 20303 10443 7239 15598 13467 18440 18816 10194 4487 20681 7323 7239 11667 10583 5352 22037 9352 12096 8044 18962 20675 3559 7239 4075 874 9970 5323 8655 19051 13355 12902 10443 17776 13623 1390 10443 7777 12290 8665 7239 671 7239 2862 8343 12091 9970 4075 19451 19051 18440 9480 7239 21408 8343 20681 5301 8951 20021 15598 16623 19051 4739 12000 12323 9970 4075 18050 8655 6259 14993 11784 9591 8343 20681 12280 9970 4805 7239 20996 10583 13408 8655 16257 8343 17754 13163 15457 8343 22489 18561 8083 6897 18438 16789 8655 5343 8662 2985 7239 18389 8665 7239 14256 1835 18983 3942 12000 6584 8665 3723 8670 3028 6897
10888	1458	7728 8542 17050 231 8343 5945 18050 671 7239 7477 16975 7360 9970 4075 2032 9172 5288 19051 13355 18050 6619 10583 9696 10443 15598 12984 493 10583 7239 21651 8343 4913 12000 9842 18050 16615 17754 17754 17754 4063 15819 15457 8658 7239 10278 8864 7239 17281 7239 7547 7239 13210 10581 10443 8658 8020 12722 8478
12594	1458	2684 18255 4075 6500 6245 21652 3235 21652 8343 17685 12000 21652 18050 1804 6261 17294 8083 10575 11885 13226 10151 20681 8658 5839 19051 4739 11725 8343 7152 1833 16388 12000 6500 4075 11262 6264 18050 3672 17730 10523 12000 17455 18816 8662 2601 17241 4075 20315 22037 725 11725 8662 1833 20681 8658 3215 7239 17281 8655 1833 18818 9417 9853 17730 762 5420 8665 1185 1833 456 7239 9696 4514 8670 18983 18389 6264 8658 17730 19051 13354 4514 4895 18819 19051 6705 10443 493 8343 8029 8658 12481 10575 9970 20675 11266 9970 4075 8670 17962 15659 14933 18561 2684 762 4075 8343 6256 3468 9970 4075 9906 20850 17505 8343 20681 12000 5677 9906 11308 20850 7239 15598 7152 1833 4514 17730 762 10583 19051 687 18816 8343 8029 12481 15638 7958 4075 9970 4075 16407 11034 10583 10978 6261 8343 5677 8658 8343 14606 18816 8662 8083 12000 3942 19051 19857 4075 20850 7755 10583 14470 9853 12761 16366 17730 19066 21042 6302 1833 10978 12761 3468 8343 1848 8665 19051 4766 5839 15457 9870 22225 20630 16366 12073 6672 9970 18702 3787 12906 14133 879 19051 912 10583 4852 9853 14991 6156 1833 671 7239 12815 16407 8665 7239 11463 8343 6256 8542 18816 17730 1833 16923 3079 12761 16366 11725 18561 8201 10575 12342 18050 5839 2071 18561 12342 12000 7409 12000 1712 8670 8343 6500 19051 14856 16407 21235 12000 2118 14470 14825 12000 20844 18816 17329 13875 9696 15598 8662 15377 4314 4075 1723 9970 7166 12984 5359 13875 20744 10583 7239 1618 10443 1723 8343 20681 7239 1723 8665 16015 10583 19051 15399 11725 8343 874 6073 18686 17194 16254 6419 12249 6261 9468 7166 15455 4785 8655 10278 5742 4075 11262 11885 18868 18816 8662 2684 18255 4075 4487 8343 5677 16366 17730 3322 5839 14470 12000 18868 3322 5839 14470 12000 8201 8083 6419 18050 7363 6156 8665 6419 15521 20681 10583 4314 4075 9970 4075 8655 6963 21042 13691 7751 9843 3942 19051 19857 17281 11182 1833 10978 12250 12000 6584 6302 8343 16407 4063 19190 3482 12984 10542 9970 4075 8655 5288 9970 6819 8655 18816 18050 8655 7239 4719 5839 9970 20675 8877 19939 8877 18561 6500 19238 5742 21195 19051 20164 13081 13465 1174 8658 6584 5742 4075 22441 8201 18983 12961 8343 6500 19891 4909 4075 13778 3559 8343 12520 874 17455 18816 9970 4169 19451 12000 6584 21433 762 20663 18819 19693 10443 8343 3942 12000 8812 6669 14329 762 3234 8343 3143 18050 4197 6584 9480 7239 12145 10523 8662 3296 9480 7239 1723 3040 11182 2684 18255 4075 10443 4785 8655 5742 4075 11262 8665 14615 15544 5985 9970 4169 16789 8343 8201 4909 19451 12000 6584 3728 16623 9906 4739 12000 6156 6261 18465 12000 16623 9906 10596 762 4739 8343 16701 21408 15039 10575 9970 4075 18050 731 4739 15457 17050 13691 15928 8658 11083 8343 3515 15868 12000 7239 1804 20681 7081 9906 20850 6261 8478 14825 1712 8658 14281 18816 671 2071 10583 20681 18050 1804 8655 18022 5839 20963 12290 17206 3482 10575 9970 20675 9853 8658 8655 14133 5288 9970 4075 8343 3942 12000 16543 9970 20681 10583 18050 10443 7239 15598 17730 14786 7239 9579 9480 9970 4075 8343 22441 11182 20681 7239 9696 10443 15598 9853 14539 19939 20681 8658 16623 19051 4739 22441 8201 1712 8343 20040 18868 18816 5839 7239 731 21408 4739 4487 8343 20681 7239 1804 9970 20675 3296 19939 19051 14615 19781 18816 874 14251 12000 14470 18816 7239 3482 19256 9970 4535 14539 6584 19148 12290 18816 8655 7239 10523 14972 11725 8343 22441 6584 20681 7239 4314 4075 20008 6261 20315 8478 9853 22441 8408 7239 20681 10583 7239 9696 10443 15598
7562	1458	22441 19748 3435 8343 5945 8658 22441 9850 3435 15455 8658 8655 19051 20655 14133 8658 10735 1833 6584 19051 10523 20291 20681
18340	1458	17730 10578 8343 10026 18050 15598 12000 8083 671 7239 9696 7088 14380 8343 7152 4063 7239 761 12319 18050 15598 7152 1833 14380 9970 4075 6963 3322 12000 3296 9970 18474 5288 8343 20681 8658 3235 10443 7080 20681 19051 20655 10583 9970 13559 15598 11725 18816 8343 6256 1833 5917 5288 9970 16597 12761 3468 8343 20040 18868 19051 20655 10583 3963 10583 9970 4075 10515 9970 4075 20040 14281 19051 20655 17776
5403	1458	14133 5288 9970 4075 1804 14133 5288 9970 4075 8343 12984 20334 7830 18050 8655 5295 8343 16388 8658 12000 6584 19768 9853 1173 9818 19768 18819 18050 10443 7152 1833 14133 9970 4075 5288 17281 12984 10578 8658 12984 1833 8215 9853 8658 20040 1833 17281 18022 14756 8658 20040 14380 9970 4075 13623 12815 9853 14133 5288
20701	1458	17730 14831 18050 1232 14380 18962 4075 16407 12815 12761 20681 8658 10443 4587 8655 19051 10523 1804 8343 3942 10151 20681 8658 5839 15457 2071 10443 3942 1833 14280 17206 11673 150 10596 17206 4075 11262 16294 11725 19693 8658 8655 7728 1475 13210 10443 7152 2187 9970 4075 138 12815 10443 19768 13623 18819 11308 9696 11885 12342 8343 7152 14606 8658 16233 18962 4075 12000 1808 762 9579 15688 8658 8655 7906 5314 12761 15457 21474 9970 4397 10443 20675 14281 762 9581 18819 8665 7239 731 7830 20681 18050 1804 9853 16446 19095 10596 17281 1174 6584 19768 8658 9843 16027 17281 19857 9853 8658 5531 17281 4063 14888 16266 6802 10596 4063 20415 1629 11056 19238 13788 21336 11389 18983 8942 1629 8658 12000 7081 8658 17281 7906 13616 10523 5839 19051 1804 3942 17450 1905 16109 8665 2735 4719 18983 8947 17311 17450 1905 19787 10443 16109 17281 4063 8171 13482 10443 14950 18893 18983 3015 17281 7239 17450 1905 6264 16257 8658 8655 1833 7751 1185 18203 19939 3942 19051 16705 761 10583 19238 21245 1062 19205 3468 18962 8887 7239 13210 17730 19831 1379 8658 12000 6264 14958 12342
3758	11599	14380 8650 18389 10583 19051 9631 10583 20315 9740 266 19051 9631 10583 20315 18816 8947 6385 615 3742 21196 8658 12984 874 22240 12000 12416 7081 16257 5839 2410 15501 1835 9740 19939 3942 18050 16144 10575 7239 11463 21976 16842 8658 8655 12902 12000 8201 2410 10443 17467 14009 7239 13226 5433 14602 8655 18816 18983 3942 12000 18052 1804 9480 493 6027 12000 1511 6259 1764 13648 9853 1379 8658 12000 14470
7936	11599	6802 10787 9818 18022 9864 8658 266 10787 7080 8343 10443 9970 20681 8658 671 16257 5285 22441 19939 15430 7239 874 9740 4466 18050 493 10575 20886 19386 10237 10443 19937 8658 21474 2854 10007 4466 10575 20913 7841 6802 18212 9696 8665 8658 17497 12902 10443 8558 20609 8662
9204	11599	9818 18022 8343 7841 8665 9970 11603 21336 8406 6261 17891 6261 14470 18050 9843 22503 5288 16257 21196 7239 9006 4063 8343 17685 8658 4197 8343 19939 17462 4487 8343 15808 8658 6221 12000 2410 22019 21336 4785 4197 6584 3482 9480 19190 12984 21579 5288 10583 18050 11048 10575 12000 7239 9006 15981 8658 8343 6256 5870 12000 17448 4785 8655 9228 12902 12000 15569 18050 14602 7556 22098 15569 671 5029 16789 8343 5945 12902 12000 12895 6261 14009 19051 5839 18050 14615 6798
6738	11599	20315 18440 7728 20489 11885 5383 11859 10583 13272 21196 7239 22494 18627 11725 11708 9853 22494 18050 8655 16294 8343 5213 12000 296 671 10443 8343 18440 19051 20315 10596 11725 19051 1849 10443 11885 12091 8658 4668 12000 9850 7239 9085 10540 671 21235 17497 22516 18819 18428 6918 7239 9991 8655 6264 7239 299 10443 7239 14815 18189 8655 6264 7239 15654 18983 3015 6494 13272 10575 19051 4879 2649 12000 12895 18983 3942 12000 17030 7081 16789 8655 14898 10443 14380 7081 12902 12000 1841 10583 7088 17294 19051 20315 8655 1841 12950 17730 13862 2304 8658 22441 18440 17730 2280 12000 671 2304 20315 11182 7906 16850 8670 3028 18183 19939 7239 21438 22441 18440 10443 18203 11182 6584 19454 12000 20681 8658 15688 8658 22441 8074 10542 10443 14380 19051 20648 9981 10575 7239 16842 8670 7239 14549 18440 17730 19051 9480 18816 16789 8655 19051 20648 4197 19178 1833 22285 7239 9050 10674 12950 7088 7360 7239 8479 10583 21588 8665 20681 10596 7239 10674 10583 7239 20315 17730 19051 5165 10787 10443 14380 5839 19051 2410 11463 4750 19051 9631 10583 20315 8343 3942 7239 20315 10443 20315 671 15110 4860
14580	11599	11423 493 8655 19051 3622 8343 5383 10583 13272 8665 11962 10443 7088 22037 11182 408 13877 4487 8343 3942 19051 19451 5839 1511 493 8343 6953 21665 9460 12000 7239 9050 21078 9050 16366 7239 8766 10443 8771 10443 5030 6600 16675 4063 7239 12502 18816 4487 8343 19451 12000 12895 8343 13081 6073 3411 6027 5288 15992 15830 7239 12502 18816 4785 8655 493 6476 10575 7239 16098 3178 8658 12902 12000 8201 8658 11308 10787 3942 10596 5018 10443 7239 5018 22037 16257 8665 493 19637 3942 12000 2526 7239 6521 14602 5288 19686 8670 18983 13226 19451 12000 14815 493 9085 4487 11308 22037 11182 739 8665 8309 7239 11308 1833 3942 19051 2590 6476 10575 7239 16098 21486 2614 12000 3296 11623 7239 9085 21736 6798 10443 7311 13081 1961 11623 18816 18983 3015 6500 4750 15377 7239 5018 5288 8343 3942 19051 973 10583 9033 18816 11487 671 19051 20495 8343 5383 18050 874 19506 9970 3751 8665 8083 9460 12000 7239 9085 8766 493
22176	11599	1139 5839 12291 8670 18983 20452 18962 11463 671 19051 10632 10443 10583 17378 7152 1833 20681 7239 9050 1804 4785 7556 19051 21981 13623 12980 12000 7239 13623
11187	11599	8343 7444 9850 3435 8343 12984 20681 13272 8665 9970 11463 9853 10026 16981 10583 7239 8980 1833 408 20218 671 15598 8658 10051 11725 11859 8980 12000 3296 16257 7239 15598 8343 19451 18389 18022 5839 9696 6603 12815 18819 9696 20393 8658 8343 6221 9460 12000 21881 671 7239 20315 7239 9696 10443 15598 11487 8665 3040 8658 3046 7468 8665 7239 11463 9853 8662 6685 8665 7239 11463 5839 9870 12342 12000 3296 16257 7239 15598 5288
3745	11599	19768 20167 8655 10652 20167 18050 8655 7239 16986 19768 20167 8766 10787 8659 11885 19748 8665 7239 925 2004 2071 10443 13272 17203 11725 5343 18983 2118 20040 8343 9850 19051 16986 493 22494 493 20850 10843 6261 13469 6261 8669 10402 12000 5787 7239 19129 12000 16433 7239 4530 10583 6802 8665 7239 20315 493 10583 7081 12401 5288 15638 7239 11463 17275 10443 8899 1000 15457 18059 8669 6794 3315 8658 8665 13712 7239 925 17294 8343 10051 8658 5288 10596 7959 7239 19129 2381 3942 21631 8665 7239 3235 16015 874 7239 17015 12984 5763 1157 875 10596 6603 7959 18816 4197 3942 15513 7239 20315 12000 21665 13410 12138 8343 14606 8343 9976 12290 12929 19768 20167 12000 2118 15457 19051 6918 20315 10443 12984 6819 5839 19051 13582 14009 6642 18983 493 21235 10583 15899 7830 17730 5285 16850 1804 4374 16693 8343 12984 4167 12000 19051 6617 10575 16767 14365 17505 18983 13081 19748 6918 2655 18050 8655 2782 17505 7088 14380 14991 10583 16767 14733 6264 21196 5839 19051 4668 21588 20315 18816 8343 1835 22489 22441 8899 8670 1841 19891 16409 8343 12984 12000 9850 493 9853 7328 266 10278 373 8343 15430 8658 12000 9970 13157 10443 7910 20095 12091 5288 18816 7088 14950 8771 12000 5580 5228 393 16789 3942 20172 18036 6637 18192 8343 12929 7239 765 10443 18360 7081 15457 9970 7283 10443 7088 7328 18360 14470 12000 3296 2680 1136 120 17754 8655 1835 17002 8343 6256 21205 19051 12058 21652 10583 7239 3825 5742 10787 8343 266 12000 19748 19939 11725 18816 8343 1174 3296 19051 6918 20315 5839 9970 6802 10443 3942 19238 17515 493 5839 4487 7239 11308 7477 18440 7152 18809 19051 782 5379 10443 6924 19768 20167 1804 173 6261 4785 22037 11859 11308 19768 21966 5288 4785
22359	11599	10278 762 20315 10443 6210 8343 3942 19051 2767 16789 15513 14470 12000 1841 17203 20663 8343 59 12000 3296 22089 10583 16257 7239 20315 10443 6210 8665 9970 9006 6261 7088 8947 13214 3095 6600 9970 16409 15513 19051 21120 5839 14470 12000 9172 18050 17015 8655 22403 8658 12984 12902 12000 15569 8670 18983 10644 7239 19148 10786 16623 12290 8658 6073 21474 5839 7239 6906 12000 3785 10443 7080 18983 13081 14815 7239 8980 7239 20315 22037 17404 12019 11725 18983 7152 1833 3942 12000 12895 12000 20663 10631 8665 7239 11937 22037 3321 11725 18983 13081 22285 16789 8980 8083 5839 9696 10596 11463 3302 10596 6802 8343 7152 1833 20681 15598 11725 8343 20681 8980 5839 11463 3302 10443 5839 9970 9696 7239 1804 10088 13277 16623 18983 17497 7239 8980 10443 11725 21831 4785 273 1833 10151 19051 1354 8665 8980 5288 6908 19026 10583 3302 10443 9696 8658 11083 8650 10443 2410 8665 7239 9006 10443 11463 8658 13081 6584 15017 1468 6600 2526 19051 3409 3079 7239 9460 10583 7239 17015 12000 7239 5029 6906 14786 8658 7152 1833 21665 671 1764 6906 11725 8670 18983 8947 12000 12416 8658 18983 4197 3942 12000 19748 19238 5029 6906 10443 15457 12929 14786 16789 13081 20489 6584 16887 8665 17206 7874 671 12577 8343 8478 18050 1804 12722
17808	11599	19939 1139 8343 5383 18050 22494 8343 12984 2394 10583 20685 21196 16257 7239 20295 9696 10443 15598 18816 8343 4063 12000 16084 1290 10443 10575 671 8343 4063 615 19454 12000 20135 9460 10443 7104 9853 9895 3942 12000 6331 16789 493 4197 6584 7239 18183 11463 4860 10443 16789 4197 6584 7841 15501 7239 20768 8658 6385 5606 5288 8669 3942 12980 15659 11859 20315 8665 7239 11463 10443 7080 8343 12091 11860 19051 1139 8439 1833 13226 7152 8658 7874 16257 10583 16294 8662 20681 9853 8670 3028 493 10583 9033 20255 5337 6385 20563 18809 1051 12000 18962 20395 16294 22037 18983 7152 12588 7239 19164 4154 7239 1139 19026 10443 15688 8343 8966 15284 18050 231 7075 7959 8669 7152 8658 3435 8665 19051 13085 22345 8650 17730 2425 10443 8658 9818 13877 8662 4300 18914 10583 8500 8658 6261 19051 10196 5839 9033 12290 10443 21579 19084 18816 8662 1833 4652 16294 7088 19451 10596 11885 266 18050 5839 19051 11031 2071 1835 10443 7239 15779 8665 9696 273 762 18819 8966 5839 8658 8658 4154 19939 7239 17240 19026 10443 17153 8665 20648 15779
21558	11599	5945 18050 8343 3942 7239 20585 21336 16324 12000 14548 17730 11725 5165 1833 12000 3942 9696 15598 10443 20763 5677 20315 3457 11911 7239 9006 18050 10787 12984 19970 12902 12000 2013 10443 7239 5018 5763 10542 12290 11885 266 12000 12895 19051 973 10583 7239 6027 10443 673 5288 7239 5018 8655 7728 12902 8343 5945 18050 14602 8658 11083 5165 15659 15830 7239 5018 22037 19051 10523 7492 11725 8343 14950 3942 12000 6584 3781 12895 7081
11734	11599	18022 9850 15464 8343 5945 8658 8658 17754 14380 11463 18965 5603 10443 8650 5839 9033 10583 12291 5337 4063 12000 12342 5742 1804 11340 9696 10443 12499 5677 10443 3296 20334 12761 12342 10443 14950 22489 16294 12000 7152 20681 8658 6261 19051 20763 5677 3040 18983 13090 14470 8343 3942 18052 16257 9970 19937 21196 9696 10443 12499 5677 8665 493 10583 7239 10787 10443 20681 8658 12290 16257 7728 15464 10443 12902 12000 7841 12000 20926
15558	11599	7468 18334 8343 10026 18050 5839 5285 11463 7830 9740 7152 1833 3942 7468 5839 19051 16773 8658 8655 18022 9740 14327 12000 8101 7239 15598 19051 14615 12000 4452 8658 10088 20489 3559 7239 10787 16789 18389 18022 9853 9740 874 20040 1833 12342 8658 4750 8101 11725 5337 22489 10735 18389 14009 18816 12980 6261 19428 14476
16718	11599	9818 18022 8343 15569 18050 14602 15457 19051 4739 17965 4587 7728 5954 8343 3942 19051 6968 10583 5316 8665 8658 10443 21408 22037 19066 7728 12815 8343 266 10278 1354 1463 7239 14602 10443 3296 8658 8083 11725 19686 7239 12815 1232 8980 5288 6963 4750 17206 13499 6261 21831 6261 16144 8083 7239 11440 7088 10561 12984 4853 10443 5807 19138 13226 10026 19051 14615 20655 5288 18183 8343 266 19051 6210 10583 21803 14566 2396 12000 7239 11440 9853 19051 20655 3076 16789 18389 20562 12000 8208 7239 21588 7839 10583 7239 17015 12000 7239 11650 703 8173 10583 9970 11463 16842 8658 8655 10575 4785 20609 10443 1833 8083 16676 8343 3942 20681 7239 11440 8479 14566 671 1511 1804 6667 15990 11463 15110 671 3962 6600 3471 1804 21176 1833 12000 5842 10674 1833 12000 9172 12019 18819 5285 871 6287 423 2397 17002 10575 15714 10443 8658 9818 14057 14009 10583 17378 7088 3942 1833 10151 9853 18050 17667 8655 19051 4278 10583 19051 13355 19768 7080 7769 3731 8665 12876 10583 3296 7239 17203 1290 20712 7239 17294 21665 8343 3015 13467 13479 4785 9853 11308 8665 13272 21652 3942 20844 1804 18816 13081 2410 1290 7239 14566 3482 9480 8173 8670 8343 3942 12000 6073 13272 3079 6264 19238 3672 8658 22441 19178 6584 19939 12000 11360 7081 8343 6256 1833 16053 11725 8343 14950 3942 12000 18893 15457 1087 12984 9304 8542 12000 20563 7239 20117 15457 489 22461 12000 6584 7728 12993 8343 20681 19051 13355 18255 671 18050 10787 7080 4487 18940 13177 9480 7239 20315 19051 11031 8980 3296 18983 8083 7080 6259 17958 8980 12000 8201 7239 4514 8083 17730 231 12902 12000 19371 22494 18255 21665 5288 671 3411 8980 10583 7239 10787 9853 8343 59 12000 9426 8658 8655 8665 10278 12980 15662 10596 5433 12000 3296 3322 6802 5288 671 21476 671 19051 11031 8980 10949 7080 9981 671 7239 20315 9580 10596 671 19851 6802 5839 18816 9451 10026 7239 21591 21588 16789 8343 6256 4652 22441 8227 21196 17294 6261 7152 2125 16257 21591 21588 9853 18816 8655 19939 19051 12121 10443 8343 14950 17754 18882 8500 8658 5285 10583 22494 10583 7239 11440 13499 10443 8670 8343 3860 3942 17206 19130 11911 7239 20495 10443 266 12000 18428 19238 762 10443 20064 10575 8658 8343 10735 3942 10151 16317 3322 12000 1157 1511 2751 9853 18816 4197 6584 18439 22494 8658 17754 8655 19051 18022 1804 19686 8670 18983 19451 12000 18428 18962 11279 12722 8478 10278 13737
16867	11599	10281 493 8343 266 18050 6264 19051 11563 2690 10443 14061 6073 8658 671 14470 10861 12000 7239 11440 14566 16789 14380 8658 7728 5433 12000 15017 8343 19937 8658 671 7239 2690 10443 266 12000 19748 1511 22494 8343 4063 8658 11725 231 7239 14566 8655 19051 16097 10305 21196 21973 21881 1221 10596 11308 21651 12000 888 17203 8665 7239 11463 22494 8658 22441 5763 9172 1290 3880 7239 18548 10443 18991 9480 20210 11463 9768
5823	11599	21205 18850 8655 7239 13080 14972 10583 19051 21652 18050 8208 671 11440 1833 671 7769 3731 4063 17730 21475 671 7239 20917 17096 8343 3942 19181 8479 10443 19181 18389 18022 8343 12121 7239 7769 3731 22037 22494 7239 16773 493 874 273 19051 8564 12000 1628 8658 9480 7239 11463 10252 19686 15688 8343 14950 20681 18816 14972 10583 15366 6261 21831 6261 7239 19428 10583 18050 17015 5839 7239 8343 8966 15654 16451
10002	11599	18022 10787 18050 8655 19051 14468 3942 5839 16257 21336 4487 8343 12416 1000 9970 5742 20495 8343 266 493 10583 13272 10037 4785 8665 7239 21336 8343 4063 8658 11725 231 8343 14327 12000 9850 1511 493 5839 9970 16986 21336 8343 3860 14606 8343 1174 20563 7239 378 493 9853 8343 12984 483 15714 273 15079 19428 8655 18022 7239 10787 18389 1500 10443 8208 8658 12000 7239 16842 8655 7728 12902 11623 7239 10787 4785 8655 21408 10523 7492 6027 8658 21665 671 16257 11034 10583 18588 9696 6802 11925 18212 18217 8658 8655 7728 13847 17730 22240 12000 16942 9696 10443 11925 9480 19051 20315
3523	11595	12718 5945 8658 7560 9895 8658 8343 14606 18816 7239 20632 12462 8996 18050 8655 18022 7239 20315 22037 1475 12902 12000 16885 10443 17497 7239 14615 7433 6672 18983 22489 4487 3028 20309 13354 10575 6603 4785 22037 10176 20295 3321 10631 8665 7239 11937 2514 19051 10771 493 8665 4719 18983 59 12000 14815 8658 671 18212 16693 10583 20763 5677 10596 13382 15110 8655 4895 725 9853 20071 5839 16433 18962 6158 10596 8670 3028 19051 14507 18962 5388 8658 9843 18548 12290 4785 14539 6584 19051 19553 10596 8662 19939 3296 18183 7239 4879 16773 22037 10575 7239 15654 8655 20071 5839 21736 18962 3601 19205 7239 11859 8564 10575 7239 299 13467 7110 7239 21437 10443 9319 18816 14281 12000 6497 7239 21336 17096 13226 9864 8655 18816 17730 19939 19051 20655 725 6261 7239 6521 14602 8655 8877 16872 3323 16789 8655 19051 13355 10583 5960 7468
12771	11595	6802 10435 18050 8655 10523 6261 9740 3942 493 8655 5285 7822 10443 11725 9740 22037 19454 12000 6073 7239 493 9480 4785 10443 16015 8665 18050 5839 18595 7711
6120	11595	13226 493 16534 11725 8343 5945 18050 1804 9853 8343 3942 493 16534 15819 10460 1290 7239 15654 12346 15638 9970 10252 9740 20681 19051 4530 10443 9740 22489 18050 8655 19686 9853 18050 11182 13146 5945 7239 15110 10443 1835 8343 3015 7373 4750 7239 11463 15110 8343 5945 20681 18050 12000 2410 12290 7239 11463
18652	11595	11708 12902 12000 6494 12290 19939 14380 4652 12000 3747 20064 19051 6521 20850 12761 18983 22225 7239 5029 17730 14993 14825 7239 13226 14602 8655 18816 8658 14061 4154 19051 7728 687 3679 15598 11725 8343 266 12000 8101 8658 671 21486 12000 18389 16789 8343 3860 4063 18050 12984 1139 9853 7239 15110 11182 5842 13350
6158	6475	10581 3040 13520 1804 8967 671 19051 14615 11064 9970 1629 13623 21042 10443 7906 9970 4342 8947 9970 1354 18965 10443 8658 11083 19768
9994	6475	5755 1629 687 10443 8343 5763 20681 1629 687 2854 18050 19939 19051 2809 687 10443 9775 19051 14615 8083 19051 8931 12980 10443 8658 9843 2187 19051 8768 10596 8551 14814 19939 7239 17240 7492 12000 2187 6264 7239 18429 6261 14009 10596 8665 9970 11887
697	6475	5945 18050 1185 11725 231 18050 8655 493 10583 9970 17598 11725 16326 8343 10051 19051 18325 10443 5383 18050 1185 8343 13226 9864 7239 6210 925 8931 8658 8655 17369 19051 18022 2410 17062 456 10443 7239 2752 17591 10575 18962 1629 8655 1629 16409 15659 17754 16407 13520 12761 18212 8655 12905
10436	6475	2125 1139 8343 5383 18050 22494 8343 8690 671 16294 13146 12000 6648 1629 8343 5945 7239 12980 8658 8083 10575 9853 8343 6256 1833 7728 5870 671 7239 1185 10443 7239 6210 7152 1833 16212 12290 11725 8343 3942 12000 8201 8658 8665 17730 3148 8665 18428 12000 8201 8658 6685 8665 7239 16015 8343 8201 18050 11034 10583 14602 9853 8343 7152 4063 7239 12980 9970 1629 16407
7160	6475	18022 18212 8343 5945 20354 2648 8658 17754 7152 10941 8665 6345 18962 1629 1821 8658 17281 2809 6261 14009 7239 21641 20315 13467 10142 7239 18212 9480 5607 9480 7239 10257 10596 7239 4857 11146 7239 725 2425 7492 14380 8658 22278
6215	6475	16446 9818 4063 19415 17281 4063 8658 19241 11885 10151 20681 18050 10837 5839 15457 2601 1835 17730 2836 1232 17730 20534 9970 1629 10443 15863 10443 16409 879 3559 16184 17138 709 11460 10526 5844 18217 8343 3942 12091 18816 19686 671 3728 10443 12321 18050 18212 5763 18589 16257 7239 16999 19178 3942 6259 22120 19560 10575 7764 9853 5337 1185 8655 13520 15659 6264 14958 8343 14606 11725 17404 5830 10443 11714 9853 1833 7239 10837 8655 7728 572 8343 7152 8478 195 8658 6797 8665 14009 2854 18983 8083 21232 10596 8900 763 22083 18217 19051 14615 8083 19051 8931 12980 11725 16326 7088 8201 3178 18050 18022
3500	6475	18022 13305 8336 14026 13862 9800 12761 19051 973 9097 7728 4930 10443 17281 5165 9864 4785 12984 762 11623 7239 6210
15501	6475	10523 8343 5383 18050 7839 10575 11308 21652 8658 17281 18022 10443 16407 18022 8343 5288 8658 8665 9906 1652 2854 18958 4369 9970 1629 22037 14133 4487 8343 3344 12290 22441 1833 9850 3435 9853 9818 14009 3322 12000 7618 7239 6210 8877 8343 6256 12000 3234
3767	6475	5755 1629 18212 8343 3942 14133 1629 6261 9970 5388 10438 14470 12000 5677 7081 7728 20663 8343 3942 7728 19186 10443 2614 12000 6924 6603 671 7751 761 18050 8655 9970 17598 1821 8658 273 19051 16097 1185 9853 17730 1833 16760 10596 10545 6264 16257 14991 14825 18050 8029 17240 8665 10443 4185 1629 1821 4750 17206 8768
17057	6475	13520 16407 13520 761 8343 3235 19748 18050 1629 7634 9480 19051 6648 9794 16294 19051 17598 8658 273 1312 8343 17754 7152 13467 19564 18962 1629 12761 18239 8665 7239 6648 10596 3468 1199 8665 7239 20768 8670 3028 15549 4063 14470 8343 3942 19748 11859 6261 10196 5839 11308 18050 7492 5297 8655 19051 6908 6210 10443 22441 925 19051 8931 17294 8343 4415 8658 11320 2033 13226 22494 8658 8655 762 3679 17002 18819 6264 7239 20354 2648 17494 7874 10596 8877 8343 19939 10026 18183 4487 8343 3168 18816 7874 925 17294 12436 8655 18561 9850 8658 5938 8343 13081 20563 8658
2965	631	8343 4063 7239 1821 12910 9853 7239 17281 8655 19051 14615 8215 12000 14470 5945 7239 1821 12910 10583 7239 18212 9853 7239 17281 8655 19051 20655 8215 8343 17336 7239 16184 18212 10596 19238 10583 7239 11308 1185 7088 22037 19939 6261 12323 10443 8343 14950 3942 12000 18893 15457 8310 9970 17461 8670 8343 3296 8658 8665 9970 14620 20724
11970	631	9970 21547 18050 687 273 12981 8665 8658 18022 5839 7239 4169 10443 17754 14380 18962 8793 13623 2601 21455 8343 20681 8658 6264 1652
6215	631	9050 18022 18212 8665 19051 1535 8980 11885 20681 7239 6648 1629 14201 5839 11859 2601 9853 6385 8665 18816 21287 6210 18050 8980 8655 11725 231 762 1535 925 19051 8931 17294 10443 8655 7239 9050 165 10837 18983 16388 9480 18050 6619
3186	631	9970 17598 18212 10583 16257 17294 20354 2648 6648 1629 14201 273 10151 9970 17598 18212 5839 11859 2601 19205 8343 14950 3942 19051 1354 671 7728 14133 8793 8343 11182 4063 19051 10523 9800 18212 5839 9970 1629 19713 16409 10443 879 19686 9970 12499 18050 1804 8655 1833 8551 8658 7152 1833 3942 6259 22240 761 19066 1833 231 6264 16257 9970 9731 18360 14470 8276 20681 8658 10575 11946 20709 10443 8658 13467 17730 1833 19051 3785 10583 17378 4785 17754 7556 493 9853 8658 13467 7239 8793 16407 19768 7830 8276 4063 8658 11725 231 8343 12342 8658 10443 3942 10151 20681 8658 19693 7830 17730 14933 12000 20563 8665 5957 8932 8658 1637 3435 15714
3395	631	19051 17598 9970 11603 20681 19238 10583 18050 1629 687 4487 8343 266 8658 10443 8655 1835 19051 20008 7988 10443 21835 8343 5383 22027 19238 6261 19051 8542 8406 273 7728 14133 10443 1031 1629 18050 687 10596 18212 14281 12000 18389 10443 7152 1833 2187 18816 8551 16407 10596 17281 12000 5038 10523 1232
19371	631	18022 13210 10575 18022 1629 687 1835 18816 7239 21594 22037 7360 9970 1629 22037 3296 14133 14133 14133 19939 4063 7088 6385 7152 16446 20945 20354 2648 1629 687 5839 14133 1629 18050 12984 6264 19051 18022 13210 15659 8658 20116 6261 16388 8665 1139 5742 15598 8670 18983 3942 14133 1629 8343 12722 8478 18983 12342 493 10583 6860 1629 687
16544	7594	9843 3787 9970 4075 231 8343 3942 8931 12815 10443 5559 4075 8343 5383 18050 6233 18497 22494 8343 59 12000 3787 9970 4075 5839 2532 3960 18050 6233 18497 9843 3787 9970 4075 231 6264 16257 16257 8658 7152 8655 14380 19051 14615 21578 6264 7239 7728 9976 10583 9970 4075 10443 18816 8655 4487 17730 6494 12000 7239 2731 4488 732 18050 6233 18497 20218 8670 18983 3942 14933 12000 3787 4075
3416	7594	18844 17844 8343 5945 18816 8658 273 762 10257 4488 18819 19051 13355 10583 11308 6233 11309 22494 6672 12499 8658 10278 21408 20164 3942 7239 9050 7547 10583 4075 8343 13216 20681 19051 10253 4488 17730 14825 5839 9970 3787 12000 925 16257 1652 22494 8662 19051 18844 6600 16084 10443 9970 8622 8655 7839 18244 9970 20996 11885 266 10523 6230 671 18050 6233 18497
15546	7594	5343 20299 762 8343 14950 3787 9970 4075 9906 20850 11725 8343 3860 19451 12000 3296 19051 3642 8975 8343 1841 9970 17241 6233 18497 2601 17241 10443 266 12000 9850 493 9480 6259 10188 8343 8966 15284 6261 231 6261 7239 15714 13210 9853 12984 7728 5870 671 7239 6233 18497 16294 19051 8542 12000 3046 8838 15714 5839 7239 378 9050 1804 1835 8343 3942 493 20279 1000 9970 7798 19856 5839 3168 12000 7239 18497 7152 15819 8343 19451 8658 12000 7152 10257 21476 19686 10443 273 6259 15720 18044 7239 883 8655 7239 1139 5868 18956 6584 8542 17050 231 18050 13081 5629 8658 16407 18022 8665 9970 1629 4750 615 13540
228	7594	11007 6233 8343 5383 7239 15472 7492 10583 18050 6233 19939 18022 9853 8343 59 12000 17448 18816 9818 14009 671 4075 6261 9970 4075
8704	7594	1152 7152 9970 4075 1833 11725 8124 15457 17050 8658 8722 9970 8793 8343 4063 7239 7492 10583 7239 883 10575 18050 18497 10443 8343 4063 7239 17153 8343 10026 671 8658 4369 7239 10674 10583 7239 4448 10443 17730 6569 22037 8291 10443 18983 10257 7239 18497 12290 10575 7239 5075 4488 7239 4448 3296 7728 7728 17051 10443 17730 7728 5433 12000 20681 7239 18497 4750 8900 18816 4448 22494 10583 17505 17730 8149 8343 8722 9970 1629 10575 8658 19205 21736 7239 18497 10443 7080 8343 8722 9970 12499 671 7239 4448 19205 3785 9970 12455 1833 6264 16257 5870 671 18050 1804 10443 8662 21920 8658 12761 20681 8658 13226 15284
21532	7594	18022 18050 11487 21476 10443 11937 19939 4063 8343 5383 8658 8665 7239 14281 20562 671 8658 10443 8343 4063 18816 8658 273 7239 13429 10257 19324 18022 6233 18497 5839 7239 13210
10251	7594	19768 18819 11308 0
17078	7594	10523 19428 5839 7239 13210 7239 18497 10257 12290 21476 10443 14281 12000 6584 10523 19428 7239 12521 22037 14009 20548 12902 12000 9409 10443 17206 6233 18497 8658 7152 6073 17404 19051 19205 12000 15908 3079 16789 8655 16958 9853 12993 671 17206 1804 4063 18050 3437 10218 8655 19178 15457 16409 16789 8655 19051 5165 1177 12000 18389 671 7239 10218 8655 19051 14615 19322 11725 8658 273 3787 19051 14615 15659 231 1835 18816 8658 273 10151 17525 19051 10523 1804 5839 7239 13210
19548	7594	9818 7728 14009 18050 6233 18497 9818 11725 14009 10443 8662 11725 16326 8343 5383 8658 17730 2125 22484 12000 19051 2396 493 8669 266 5839 19051 11031 2601 18816 3359 8608 17730 11725 14933 12000 20563 18050 7492 9853 16623 3435 15714 11487 3559 10257 21476 10218 8655 19051 1139 1177 10443 9843 18474 8670 18983 22037 13623 5839 18050 7492 14950 18227 18962 17294 13623 11911 18050 8655 7239 493 18983 59
15080	7594	5755 6233 18497 11885 12091 9853 14950 5606 8658 12290 12000 6424 8343 6256 7239 4976 10583 1863 5337 22441 11741 10575 19031 10443 17056 1804 10443 16407 17730 1379 8658 11725 8343 14950 16027 13623 5839 7239 10263 9850 8665 18050 18965 9853 7239 5755 408 18050 6233 18497 8655 1833 13226 13210 14009 5839 7239 9775 8658 20945 5288 7239 17241 4160 6233 11309 11885 20681 5839 7239 925 13596 19066 5383 14276 6264 17809 5839 19051 5075 13210 12761 8998 15457 8658 8665 19051 17206 11308 18497 11885 20681 18050 493 19066 10257 12290 5839 5839 8658 13081 874 22285 18962 10257 4530 9480 9853 6584 768 10583 18816 18816 8655 19051 19238 14539 6584 13623 5839 18816 6705 10583 19051 10257 8343 8201 8658 11911 7239 10253 12000 10253 6705 3527 10443 8658 3787 8665 6259 9749 10443 8343 3942 13721 12815 8444 22037 9749 4895 18819 20064 5839 7239 18497 12000 10257 12290 8670 8343 6256 8083 5288 10443 20563 11885 19107 19051 5985 8343 13081 7328 1835 13986 6479 7239 18497 10443 3942 8658 17051 9097 12761 8343 5606 8658 8662 18005 8665 18816 8343 6385 17030 9970 6233 18497 7636 2280 12000 7239 883 22494 10583 18050 19051 11031 2547 11885 20724 5606 7239 10257 4530 4750 12342 1833 19051 20648 3056 9853 11051 8669 7360 8670 8343 1174 12000 14380 7239 1625 8877 19051 14615 14933 12000 5810 8665 9970 22551 8343 7444 8083 9460 12000 7239 6233 11309 10583 7239 731 17505 8343 3942 12000 20064 5839 7081 12000 10257 9749 4155 1106
3265	7594	13520 9970 4075 8655 7728 11211 11725 59 18050 12000 7152 7239 8931 17651 8343 3942 19051 725 493 5839 7239 15654 10583 9970 4075 16366 8658 10257 21476 5945 7239 20295 10257 4488 16407 7728 9706 8665 9970 21188 1629
16575	7594	5402 1804 1804 12984 7462 10218 12984 4909 3787 3860 925 9853 5839 7239 13210 16294 7152 3444 16388 18816 16257 8343 1174 17448
7942	7594	11182 8665 20681 59 19051 6233 18497 671 16257 7239 14244 17263 6600 18050 493 6256 7728 5359 671 8658 10443 4197 9850 1511
7230	7594	5383 18050 8655 9970 3235 6233 18497 8343 12984 11725 6151 4487 8343 5213 18050 7830 7239 13210 8655 5531 10035 8343 1174 22285 11051 762 3679 10443 2361 4063 17051 10049 21078 9853 8343 12984 1833 7728 4652 671 7239 16057 18816 8343 4197 3787 9970 4075 20663 10596 19686 8670 8343 1174 3787 8658 13350 9853 18050 493 9818 18022 5839 14470 8658 3296 17051 7906 21476 10443 9843 6073 8931 12000 3787 9970 4075 8343 4063 8658 10443 8343 14974 17730 10523 9850 8343 7639 19238 9757 19865 8658 9843 925 15659 8931 10596 11051 9853 8343 14950 17754 14275 5839 7239 13210 19939 3015 20945 8658 10596 6264 14958 8500 8658 19051 12342
9588	7594	11725 10523 8343 5383 21408 12993 12000 17730 15986 18050 6233 18497 10257 12290 10949 18284 9870 10443 19051 10106 16705 5606 20609 4487 17730 6264 10776 10443 13633 12000 20681 8658 3296 14993 17051 4488 5124 9480 12000 10443 19686 19051 8655 15659 17051 12000 912 11885 20681 8658 6264 5839 10176 2071 1835 671 18022 17153 17730 9296 17030 4075 7032 9853 9843 20640 4075 8665 7239 19253 19051 2255 18198 1976 10443 19051 21588 21438 8201 7239 17051 883 1290 7239 18743 8658 273 6259 21894 19324 10443 22441 15720 5606 20612 1290 9853 1833 17022 17730 19937 923 5839 15457 6259 21474 7239 18497 15908 8665 7239 13559 19026 10583 17294 912 8665 9870 13862 15908 8665 13526 7504 20681 7239 16872 10540 9853 671 9970 7728 4909 4075 8343 874 20681 7239 3235 4739 10596 11725 12761 11885 266 19051 22385 12722 8478 18627 7239 5755 6233 11309 11885 19693 20681
582	7594	18022 18497 18022 13210 8343 2397 21408 10583 13272 8665 20295 7492 22494 7239 13210 12984 20913 3942 7728 8931 12815 4075 8343 20681 18050 10575 7239 10583 7239 16945 5124 8343 22525 2291 15702 4381 671 4075 2291 2032 20199 7011 7239 15654 10583 9970 4075 16942 7239 17147 10443 3787 3079 7239 15702 19301 273 10786 1073 18816 22037 18022 8343 17147 3787 1000 9970 1629 7080 2291 5982 6073
434	7594	9818 18022 18050 6233 18497 9818 18022 11725 21831 10278 16534 7239 493 14602 8343 4197 7360 15688 8655 7239 18497 14972 1174 6584 19051 14615 20655 8931 8343 3942 17754 8931 19051 14615 7014 9970 14626 4075 10443 8658 14815 12290 7239 7468 10575 7239 18497
17494	7594	7728 10523 18497 8343 12984 9304 8542 7239 18497 3787 7239 4075 7728 1152 10443 7239 13210 8655 15347 8343 10026 8658 17002 5839 10443 8665 4041 17730 4063
6507	7594	9818 18022 5839 21763 5727 4075 9970 4075 8655 19970 5559 10443 18054 8658 874 9843 6073 10257 7728 14009 16294 11725 18022 15457 18050 8975 8655 7239 17654 10257 4488 9818 18022 5839 14470 10443 8343 19939 17030 8658 4785 5839 10668 9097 1833 13226 18816 9853 7239 3787 19066 2752 14991 2547 7088 8083 2434 12761 7239 3235 9870 10278 8575 17050 8931 8343 17030 8658 10575 5839 9853 671 18050 8658 925 14470 21408 21474 8662 11725 18939 10443 20218 5839 7239 13210 18983 13230 20945 18816
16473	7594	18497 18050 8655 1139 8658 3296 17754 17051 10443 5621 7239 3787 8658 13082 2413 17754 10949 6261 14009 8343 4197 17448 3296 493
5463	7594	5839 7239 4821 9970 4821 17754 7950 3454 8276 266 19051 725 493 8343 14974 19051 10596 16872 8975 18816 273 925 2601 10443 2601 11725 9740 6819 7239 9050 5839 18050 10540
8894	7594	10523 6233 18497 8662 19051 21910 1863 10443 3942 12000 3942 20482 7959 7152 9970 4075 5839 14470 6261 8343 4197 17754 4063 12000 6584 19454 12000 7152 8658 16139 8343 20563 8658 11333 18816 19238 13467 3942 10278 9298 17050 12000 20681 18050 11725 3909 16294 13081 8343 13894 6819 20482 22441 22489
1501	7594	9818 14009 12342 8658 10575 9970 10375 12000 1709 8658 5288 10443 8658 9818 20562 8343 19451 12000 20064 17022 9970 4075 8874 5288 19051 20655 12000 20681 8658 14606 17730 12902 12000 20681 10575 8931 4075
11601	7594	10257 12290 21476 9853 8343 14950 4063 8658 8343 2118 9970 7560 12000 8083 5288 10443 3296 14470 19051 6233 18497 671 19051 21834 883 10443 18050 8655 16294 8406 10026 14470 8658 273 19051 12019 883 8658 10257 12290 14993 21476 10443 8658 273 15720 3966 9033 22037 19238 16097 15830 9853 4785 22037 19051 11031 17203 18816 12476 14470 7239 883 8655 4909 9242 12000 9970 11308 6233 11309 7239 16212 3296 8665 7239 12980 15688 8343 13081 5201 8658 9460 10443 7239 7239 12980 7239 12526 8655 10674 17730 1833 9706 12000 17030 8343 20724 7360 7239 10257 4488 19939 12342 12000 3787 9970 9818 9853 16257 7239 14615 4129 14380 18050 9970 14958 12678 6233 18497 10583 16257 17294